2 2 7 1: 1.0
2 2 7 2: 1.0
2 2 7 3: 1.0
2 2 7 4: 1.0
2 2 7 5: 1.0
2 2 7 6: 1.0
2 2 7 7: 0.994
2 2 7 8: 0.975
2 2 7 9: 0.927
2 2 7 10: 0.83
2 2 7 11: 0.712
2 2 7 12: 0.517
2 2 7 13: 0.32
2 2 7 14: 0.133
2 2 7 15: 0.035
2 2 7 16: 0.006
2 2 7 17: 0.0
2 2 7 18: 0.0
2 2 7 19: 0.0
2 2 7 20: 0.0
2 2 7 21: 0.0
2 2 7 22: 0.0
2 2 7 23: 0.0
2 2 7 24: 0.0
2 2 7 25: 0.0
2 2 7 26: 0.0
2 2 7 27: 0.0
2 2 7 28: 0.0
2 2 7 29: 0.0
2 2 7 30: 0.0
2 2 7 31: 0.0
2 2 8 1: 1.0
2 2 8 2: 1.0
2 2 8 3: 1.0
2 2 8 4: 1.0
2 2 8 5: 1.0
2 2 8 6: 1.0
2 2 8 7: 0.998
2 2 8 8: 0.991
2 2 8 9: 0.983
2 2 8 10: 0.974
2 2 8 11: 0.893
2 2 8 12: 0.804
2 2 8 13: 0.744
2 2 8 14: 0.596
2 2 8 15: 0.441
2 2 8 16: 0.28
2 2 8 17: 0.148
2 2 8 18: 0.051
2 2 8 19: 0.03
2 2 8 20: 0.003
2 2 8 21: 0.0
2 2 8 22: 0.0
2 2 8 23: 0.0
2 2 8 24: 0.0
2 2 8 25: 0.0
2 2 8 26: 0.0
2 2 8 27: 0.0
2 2 8 28: 0.0
2 2 8 29: 0.0
2 2 8 30: 0.0
2 2 8 31: 0.0
2 2 8 32: 0.0
2 2 8 33: 0.0
2 2 8 34: 0.0
2 2 8 35: 0.0
2 2 8 36: 0.0
2 2 8 37: 0.0
2 2 8 38: 0.0
2 2 8 39: 0.0
2 2 8 40: 0.0
2 2 8 41: 0.0
2 2 8 42: 0.0
2 2 8 43: 0.0
2 2 8 44: 0.0
2 2 8 45: 0.0
2 2 9 1: 1.0
2 2 9 2: 1.0
2 2 9 3: 1.0
2 2 9 4: 1.0
2 2 9 5: 1.0
2 2 9 6: 1.0
2 2 9 7: 1.0
2 2 9 8: 1.0
2 2 9 9: 0.991
2 2 9 10: 0.986
2 2 9 11: 0.977
2 2 9 12: 0.958
2 2 9 13: 0.927
2 2 9 14: 0.85
2 2 9 15: 0.792
2 2 9 16: 0.686
2 2 9 17: 0.57
2 2 9 18: 0.465
2 2 9 19: 0.312
2 2 9 20: 0.228
2 2 9 21: 0.122
2 2 9 22: 0.062
2 2 9 23: 0.017
2 2 9 24: 0.01
2 2 9 25: 0.0
2 2 9 26: 0.0
2 2 9 27: 0.0
2 2 9 28: 0.0
2 2 9 29: 0.0
2 2 9 30: 0.0
2 2 9 31: 0.0
2 2 9 32: 0.0
2 2 9 33: 0.0
2 2 9 34: 0.0
2 2 9 35: 0.0
2 2 9 36: 0.0
2 2 9 37: 0.0
2 2 9 38: 0.0
2 2 9 39: 0.0
2 2 9 40: 0.0
2 2 9 41: 0.0
2 2 9 42: 0.0
2 2 9 43: 0.0
2 2 9 44: 0.0
2 2 9 45: 0.0
2 3 7 1: 1.0
2 3 7 2: 1.0
2 3 7 3: 1.0
2 3 7 4: 1.0
2 3 7 5: 1.0
2 3 7 6: 1.0
2 3 7 7: 1.0
2 3 7 8: 1.0
2 3 7 9: 1.0
2 3 7 10: 0.998
2 3 7 11: 0.993
2 3 7 12: 0.985
2 3 7 13: 0.97
2 3 7 14: 0.96
2 3 7 15: 0.912
2 3 7 16: 0.855
2 3 7 17: 0.766
2 3 7 18: 0.642
2 3 7 19: 0.495
2 3 7 20: 0.377
2 3 7 21: 0.197
2 3 7 22: 0.095
2 3 7 23: 0.039
2 3 7 24: 0.007
2 3 7 25: 0.002
2 3 7 26: 0.0
2 3 7 27: 0.0
2 3 7 28: 0.0
2 3 7 29: 0.0
2 3 7 30: 0.0
2 3 7 31: 0.0
2 3 8 1: 1.0
2 3 8 2: 1.0
2 3 8 3: 1.0
2 3 8 4: 1.0
2 3 8 5: 1.0
2 3 8 6: 1.0
2 3 8 7: 1.0
2 3 8 8: 1.0
2 3 8 9: 1.0
2 3 8 10: 0.999
2 3 8 11: 1.0
2 3 8 12: 1.0
2 3 8 13: 0.998
2 3 8 14: 0.994
2 3 8 15: 0.985
2 3 8 16: 0.979
2 3 8 17: 0.965
2 3 8 18: 0.94
2 3 8 19: 0.914
2 3 8 20: 0.882
2 3 8 21: 0.782
2 3 8 22: 0.736
2 3 8 23: 0.66
2 3 8 24: 0.565
2 3 8 25: 0.458
2 3 8 26: 0.325
2 3 8 27: 0.217
2 3 8 28: 0.118
2 3 8 29: 0.062
2 3 8 30: 0.022
2 3 8 31: 0.003
2 3 8 32: 0.0
2 3 8 33: 0.0
2 3 8 34: 0.0
2 3 8 35: 0.0
2 3 8 36: 0.0
2 3 8 37: 0.0
2 3 8 38: 0.0
2 3 8 39: 0.0
2 3 8 40: 0.0
2 3 8 41: 0.0
2 3 8 42: 0.0
2 3 8 43: 0.0
2 3 8 44: 0.0
2 3 8 45: 0.0
2 3 9 1: 1.0
2 3 9 2: 1.0
2 3 9 3: 1.0
2 3 9 4: 1.0
2 3 9 5: 1.0
2 3 9 6: 1.0
2 3 9 7: 1.0
2 3 9 8: 1.0
2 3 9 9: 1.0
2 3 9 10: 1.0
2 3 9 11: 1.0
2 3 9 12: 1.0
2 3 9 13: 1.0
2 3 9 14: 0.998
2 3 9 15: 0.998
2 3 9 16: 0.998
2 3 9 17: 0.993
2 3 9 18: 0.992
2 3 9 19: 0.986
2 3 9 20: 0.987
2 3 9 21: 0.98
2 3 9 22: 0.975
2 3 9 23: 0.936
2 3 9 24: 0.936
2 3 9 25: 0.889
2 3 9 26: 0.891
2 3 9 27: 0.82
2 3 9 28: 0.8
2 3 9 29: 0.716
2 3 9 30: 0.631
2 3 9 31: 0.602
2 3 9 32: 0.491
2 3 9 33: 0.405
2 3 9 34: 0.323
2 3 9 35: 0.231
2 3 9 36: 0.119
2 3 9 37: 0.067
2 3 9 38: 0.022
2 3 9 39: 0.001
2 3 9 40: 0.0
2 3 9 41: 0.0
2 3 9 42: 0.0
2 3 9 43: 0.0
2 3 9 44: 0.0
2 3 9 45: 0.0
2 4 7 1: 1.0
2 4 7 2: 1.0
2 4 7 3: 1.0
2 4 7 4: 1.0
2 4 7 5: 1.0
2 4 7 6: 1.0
2 4 7 7: 1.0
2 4 7 8: 1.0
2 4 7 9: 1.0
2 4 7 10: 0.998
2 4 7 11: 0.997
2 4 7 12: 0.987
2 4 7 13: 0.984
2 4 7 14: 0.958
2 4 7 15: 0.906
2 4 7 16: 0.865
2 4 7 17: 0.768
2 4 7 18: 0.667
2 4 7 19: 0.514
2 4 7 20: 0.377
2 4 7 21: 0.215
2 4 7 22: 0.101
2 4 7 23: 0.045
2 4 7 24: 0.008
2 4 7 25: 0.0
2 4 7 26: 0.0
2 4 7 27: 0.0
2 4 7 28: 0.0
2 4 7 29: 0.0
2 4 7 30: 0.0
2 4 7 31: 0.0
2 4 8 1: 1.0
2 4 8 2: 1.0
2 4 8 3: 1.0
2 4 8 4: 1.0
2 4 8 5: 1.0
2 4 8 6: 1.0
2 4 8 7: 1.0
2 4 8 8: 1.0
2 4 8 9: 1.0
2 4 8 10: 1.0
2 4 8 11: 0.999
2 4 8 12: 0.999
2 4 8 13: 0.993
2 4 8 14: 0.995
2 4 8 15: 0.985
2 4 8 16: 0.984
2 4 8 17: 0.961
2 4 8 18: 0.963
2 4 8 19: 0.914
2 4 8 20: 0.866
2 4 8 21: 0.802
2 4 8 22: 0.755
2 4 8 23: 0.668
2 4 8 24: 0.547
2 4 8 25: 0.485
2 4 8 26: 0.319
2 4 8 27: 0.208
2 4 8 28: 0.12
2 4 8 29: 0.065
2 4 8 30: 0.015
2 4 8 31: 0.003
2 4 8 32: 0.001
2 4 8 33: 0.0
2 4 8 34: 0.0
2 4 8 35: 0.0
2 4 8 36: 0.0
2 4 8 37: 0.0
2 4 8 38: 0.0
2 4 8 39: 0.0
2 4 8 40: 0.0
2 4 8 41: 0.0
2 4 8 42: 0.0
2 4 8 43: 0.0
2 4 8 44: 0.0
2 4 8 45: 0.0
2 4 9 1: 1.0
2 4 9 2: 1.0
2 4 9 3: 1.0
2 4 9 4: 1.0
2 4 9 5: 1.0
2 4 9 6: 1.0
2 4 9 7: 1.0
2 4 9 8: 1.0
2 4 9 9: 1.0
2 4 9 10: 1.0
2 4 9 11: 1.0
2 4 9 12: 1.0
2 4 9 13: 1.0
2 4 9 14: 1.0
2 4 9 15: 0.998
2 4 9 16: 0.999
2 4 9 17: 0.998
2 4 9 18: 0.992
2 4 9 19: 0.992
2 4 9 20: 0.983
2 4 9 21: 0.98
2 4 9 22: 0.962
2 4 9 23: 0.937
2 4 9 24: 0.901
2 4 9 25: 0.884
2 4 9 26: 0.877
2 4 9 27: 0.817
2 4 9 28: 0.779
2 4 9 29: 0.722
2 4 9 30: 0.66
2 4 9 31: 0.576
2 4 9 32: 0.52
2 4 9 33: 0.396
2 4 9 34: 0.292
2 4 9 35: 0.202
2 4 9 36: 0.115
2 4 9 37: 0.069
2 4 9 38: 0.026
2 4 9 39: 0.001
2 4 9 40: 0.0
2 4 9 41: 0.0
2 4 9 42: 0.0
2 4 9 43: 0.0
2 4 9 44: 0.0
2 4 9 45: 0.0
2 5 8 1: 1.0
2 5 8 2: 1.0
2 5 8 3: 1.0
2 5 8 4: 1.0
2 5 8 5: 1.0
2 5 8 6: 1.0
2 5 8 7: 1.0
2 5 8 8: 1.0
2 5 8 9: 1.0
2 5 8 10: 1.0
2 5 8 11: 1.0
2 5 8 12: 0.998
2 5 8 13: 0.997
2 5 8 14: 1.0
2 5 8 15: 0.99
2 5 8 16: 0.969
2 5 8 17: 0.957
2 5 8 18: 0.944
2 5 8 19: 0.903
2 5 8 20: 0.88
2 5 8 21: 0.817
2 5 8 22: 0.718
2 5 8 23: 0.642
2 5 8 24: 0.58
2 5 8 25: 0.455
2 5 8 26: 0.344
2 5 8 27: 0.232
2 5 8 28: 0.143
2 5 8 29: 0.057
2 5 8 30: 0.019
2 5 8 31: 0.005
2 5 8 32: 0.002
2 5 8 33: 0.0
2 5 8 34: 0.0
2 5 8 35: 0.0
2 5 8 36: 0.0
2 5 8 37: 0.0
2 5 8 38: 0.0
2 5 8 39: 0.0
2 5 8 40: 0.0
2 5 8 41: 0.0
2 5 8 42: 0.0
2 5 8 43: 0.0
2 5 8 44: 0.0
2 5 8 45: 0.0
2 5 9 1: 1.0
2 5 9 2: 1.0
2 5 9 3: 1.0
2 5 9 4: 1.0
2 5 9 5: 1.0
2 5 9 6: 1.0
2 5 9 7: 1.0
2 5 9 8: 1.0
2 5 9 9: 1.0
2 5 9 10: 1.0
2 5 9 11: 1.0
2 5 9 12: 1.0
2 5 9 13: 1.0
2 5 9 14: 1.0
2 5 9 15: 0.998
2 5 9 16: 0.995
2 5 9 17: 0.995
2 5 9 18: 0.993
2 5 9 19: 0.994
2 5 9 20: 0.981
2 5 9 21: 0.977
2 5 9 22: 0.958
2 5 9 23: 0.938
2 5 9 24: 0.918
2 5 9 25: 0.914
2 5 9 26: 0.874
2 5 9 27: 0.807
2 5 9 28: 0.776
2 5 9 29: 0.725
2 5 9 30: 0.658
2 5 9 31: 0.559
2 5 9 32: 0.477
2 5 9 33: 0.389
2 5 9 34: 0.32
2 5 9 35: 0.225
2 5 9 36: 0.15
2 5 9 37: 0.064
2 5 9 38: 0.018
2 5 9 39: 0.002
2 5 9 40: 0.0
2 5 9 41: 0.0
2 5 9 42: 0.0
2 5 9 43: 0.0
2 5 9 44: 0.0
2 5 9 45: 0.0
2 6 9 1: 1.0
2 6 9 2: 1.0
2 6 9 3: 1.0
2 6 9 4: 1.0
2 6 9 5: 1.0
2 6 9 6: 1.0
2 6 9 7: 1.0
2 6 9 8: 1.0
2 6 9 9: 1.0
2 6 9 10: 1.0
2 6 9 11: 1.0
2 6 9 12: 1.0
2 6 9 13: 0.999
2 6 9 14: 1.0
2 6 9 15: 1.0
2 6 9 16: 0.999
2 6 9 17: 0.995
2 6 9 18: 0.996
2 6 9 19: 0.982
2 6 9 20: 0.983
2 6 9 21: 0.977
2 6 9 22: 0.958
2 6 9 23: 0.943
2 6 9 24: 0.931
2 6 9 25: 0.905
2 6 9 26: 0.873
2 6 9 27: 0.842
2 6 9 28: 0.783
2 6 9 29: 0.693
2 6 9 30: 0.668
2 6 9 31: 0.573
2 6 9 32: 0.461
2 6 9 33: 0.396
2 6 9 34: 0.302
2 6 9 35: 0.222
2 6 9 36: 0.138
2 6 9 37: 0.061
2 6 9 38: 0.023
2 6 9 39: 0.0
2 6 9 40: 0.0
2 6 9 41: 0.0
2 6 9 42: 0.0
2 6 9 43: 0.0
2 6 9 44: 0.0
2 6 9 45: 0.0
3 3 7 1: 1.0
3 3 7 2: 1.0
3 3 7 3: 1.0
3 3 7 4: 1.0
3 3 7 5: 1.0
3 3 7 6: 1.0
3 3 7 7: 1.0
3 3 7 8: 1.0
3 3 7 9: 1.0
3 3 7 10: 1.0
3 3 7 11: 1.0
3 3 7 12: 1.0
3 3 7 13: 1.0
3 3 7 14: 1.0
3 3 7 15: 1.0
3 3 7 16: 1.0
3 3 7 17: 1.0
3 3 7 18: 1.0
3 3 7 19: 1.0
3 3 7 20: 1.0
3 3 7 21: 1.0
3 3 7 22: 1.0
3 3 7 23: 1.0
3 3 7 24: 1.0
3 3 7 25: 1.0
3 3 7 26: 0.999
3 3 7 27: 1.0
3 3 7 28: 1.0
3 3 7 29: 1.0
3 3 7 30: 1.0
3 3 7 31: 0.996
3 3 8 1: 1.0
3 3 8 2: 1.0
3 3 8 3: 1.0
3 3 8 4: 1.0
3 3 8 5: 1.0
3 3 8 6: 1.0
3 3 8 7: 1.0
3 3 8 8: 1.0
3 3 8 9: 1.0
3 3 8 10: 1.0
3 3 8 11: 1.0
3 3 8 12: 1.0
3 3 8 13: 1.0
3 3 8 14: 1.0
3 3 8 15: 1.0
3 3 8 16: 1.0
3 3 8 17: 1.0
3 3 8 18: 1.0
3 3 8 19: 1.0
3 3 8 20: 1.0
3 3 8 21: 1.0
3 3 8 22: 1.0
3 3 8 23: 1.0
3 3 8 24: 1.0
3 3 8 25: 1.0
3 3 8 26: 1.0
3 3 8 27: 1.0
3 3 8 28: 1.0
3 3 8 29: 1.0
3 3 8 30: 1.0
3 3 8 31: 1.0
3 3 8 32: 1.0
3 3 8 33: 1.0
3 3 8 34: 1.0
3 3 8 35: 1.0
3 3 8 36: 1.0
3 3 8 37: 1.0
3 3 8 38: 1.0
3 3 8 39: 1.0
3 3 8 40: 0.999
3 3 8 41: 1.0
3 3 8 42: 1.0
3 3 8 43: 0.999
3 3 8 44: 0.999
3 3 8 45: 0.998
3 3 9 1: 1.0
3 3 9 2: 1.0
3 3 9 3: 1.0
3 3 9 4: 1.0
3 3 9 5: 1.0
3 3 9 6: 1.0
3 3 9 7: 1.0
3 3 9 8: 1.0
3 3 9 9: 1.0
3 3 9 10: 1.0
3 3 9 11: 1.0
3 3 9 12: 1.0
3 3 9 13: 1.0
3 3 9 14: 1.0
3 3 9 15: 1.0
3 3 9 16: 1.0
3 3 9 17: 1.0
3 3 9 18: 1.0
3 3 9 19: 1.0
3 3 9 20: 1.0
3 3 9 21: 1.0
3 3 9 22: 1.0
3 3 9 23: 1.0
3 3 9 24: 1.0
3 3 9 25: 1.0
3 3 9 26: 1.0
3 3 9 27: 1.0
3 3 9 28: 1.0
3 3 9 29: 1.0
3 3 9 30: 1.0
3 3 9 31: 1.0
3 3 9 32: 1.0
3 3 9 33: 1.0
3 3 9 34: 1.0
3 3 9 35: 1.0
3 3 9 36: 1.0
3 3 9 37: 1.0
3 3 9 38: 1.0
3 3 9 39: 1.0
3 3 9 40: 1.0
3 3 9 41: 1.0
3 3 9 42: 1.0
3 3 9 43: 1.0
3 3 9 44: 1.0
3 3 9 45: 1.0
3 3 9 46: 1.0
3 3 9 47: 1.0
3 3 9 48: 1.0
3 3 9 49: 1.0
3 3 9 50: 1.0
3 3 9 51: 1.0
3 3 9 52: 1.0
3 3 9 53: 1.0
3 3 9 54: 1.0
3 3 9 55: 1.0
3 3 9 56: 1.0
3 3 9 57: 1.0
3 3 9 58: 0.999
3 3 9 59: 1.0
3 3 9 60: 1.0
3 3 9 61: 1.0
3 3 9 62: 1.0
3 3 9 63: 0.999
3 3 9 64: 1.0
3 3 9 65: 0.999
3 4 8 1: 1.0
3 4 8 2: 1.0
3 4 8 3: 1.0
3 4 8 4: 1.0
3 4 8 5: 1.0
3 4 8 6: 1.0
3 4 8 7: 1.0
3 4 8 8: 1.0
3 4 8 9: 1.0
3 4 8 10: 1.0
3 4 8 11: 1.0
3 4 8 12: 1.0
3 4 8 13: 1.0
3 4 8 14: 1.0
3 4 8 15: 1.0
3 4 8 16: 1.0
3 4 8 17: 1.0
3 4 8 18: 1.0
3 4 8 19: 1.0
3 4 8 20: 1.0
3 4 8 21: 1.0
3 4 8 22: 1.0
3 4 8 23: 1.0
3 4 8 24: 1.0
3 4 8 25: 1.0
3 4 8 26: 1.0
3 4 8 27: 1.0
3 4 8 28: 1.0
3 4 8 29: 1.0
3 4 8 30: 1.0
3 4 8 31: 1.0
3 4 8 32: 1.0
3 4 8 33: 1.0
3 4 8 34: 1.0
3 4 8 35: 1.0
3 4 8 36: 1.0
3 4 8 37: 1.0
3 4 8 38: 1.0
3 4 8 39: 1.0
3 4 8 40: 1.0
3 4 8 41: 1.0
3 4 8 42: 1.0
3 4 8 43: 1.0
3 4 8 44: 1.0
3 4 8 45: 1.0
3 4 9 1: 1.0
3 4 9 2: 1.0
3 4 9 3: 1.0
3 4 9 4: 1.0
3 4 9 5: 1.0
3 4 9 6: 1.0
3 4 9 7: 1.0
3 4 9 8: 1.0
3 4 9 9: 1.0
3 4 9 10: 1.0
3 4 9 11: 1.0
3 4 9 12: 1.0
3 4 9 13: 1.0
3 4 9 14: 1.0
3 4 9 15: 1.0
3 4 9 16: 1.0
3 4 9 17: 1.0
3 4 9 18: 1.0
3 4 9 19: 1.0
3 4 9 20: 1.0
3 4 9 21: 1.0
3 4 9 22: 1.0
3 4 9 23: 1.0
3 4 9 24: 1.0
3 4 9 25: 1.0
3 4 9 26: 1.0
3 4 9 27: 1.0
3 4 9 28: 1.0
3 4 9 29: 1.0
3 4 9 30: 1.0
3 4 9 31: 1.0
3 4 9 32: 1.0
3 4 9 33: 1.0
3 4 9 34: 1.0
3 4 9 35: 1.0
3 4 9 36: 1.0
3 4 9 37: 1.0
3 4 9 38: 1.0
3 4 9 39: 1.0
3 4 9 40: 1.0
3 4 9 41: 1.0
3 4 9 42: 1.0
3 4 9 43: 1.0
3 4 9 44: 1.0
3 4 9 45: 1.0
3 4 9 46: 1.0
3 4 9 47: 1.0
3 4 9 48: 1.0
3 4 9 49: 1.0
3 4 9 50: 1.0
3 4 9 51: 1.0
3 4 9 52: 1.0
3 4 9 53: 1.0
3 4 9 54: 1.0
3 4 9 55: 1.0
3 4 9 56: 1.0
3 4 9 57: 1.0
3 4 9 58: 1.0
3 4 9 59: 1.0
3 4 9 60: 1.0
3 4 9 61: 1.0
3 4 9 62: 1.0
3 4 9 63: 1.0
3 4 9 64: 1.0
3 4 9 65: 1.0
3 5 9 1: 1.0
3 5 9 2: 1.0
3 5 9 3: 1.0
3 5 9 4: 1.0
3 5 9 5: 1.0
3 5 9 6: 1.0
3 5 9 7: 1.0
3 5 9 8: 1.0
3 5 9 9: 1.0
3 5 9 10: 1.0
3 5 9 11: 1.0
3 5 9 12: 1.0
3 5 9 13: 1.0
3 5 9 14: 1.0
3 5 9 15: 1.0
3 5 9 16: 1.0
3 5 9 17: 1.0
3 5 9 18: 1.0
3 5 9 19: 1.0
3 5 9 20: 1.0
3 5 9 21: 1.0
3 5 9 22: 1.0
3 5 9 23: 1.0
3 5 9 24: 1.0
3 5 9 25: 1.0
3 5 9 26: 1.0
3 5 9 27: 1.0
3 5 9 28: 1.0
3 5 9 29: 1.0
3 5 9 30: 1.0
3 5 9 31: 1.0
3 5 9 32: 1.0
3 5 9 33: 1.0
3 5 9 34: 1.0
3 5 9 35: 1.0
3 5 9 36: 1.0
3 5 9 37: 1.0
3 5 9 38: 1.0
3 5 9 39: 1.0
3 5 9 40: 1.0
3 5 9 41: 1.0
3 5 9 42: 1.0
3 5 9 43: 1.0
3 5 9 44: 1.0
3 5 9 45: 1.0
3 5 9 46: 1.0
3 5 9 47: 1.0
3 5 9 48: 1.0
3 5 9 49: 1.0
3 5 9 50: 1.0
3 5 9 51: 1.0
3 5 9 52: 1.0
3 5 9 53: 1.0
3 5 9 54: 1.0
3 5 9 55: 1.0
3 5 9 56: 1.0
3 5 9 57: 1.0
3 5 9 58: 1.0
3 5 9 59: 1.0
3 5 9 60: 1.0
3 5 9 61: 1.0
3 5 9 62: 1.0
3 5 9 63: 1.0
3 5 9 64: 1.0
3 5 9 65: 1.0
4 4 9 1: 1.0
4 4 9 2: 1.0
4 4 9 3: 1.0
4 4 9 4: 1.0
4 4 9 5: 1.0
4 4 9 6: 1.0
4 4 9 7: 1.0
4 4 9 8: 1.0
4 4 9 9: 1.0
4 4 9 10: 1.0
4 4 9 11: 1.0
4 4 9 12: 1.0
4 4 9 13: 1.0
4 4 9 14: 1.0
4 4 9 15: 1.0
4 4 9 16: 1.0
4 4 9 17: 1.0
4 4 9 18: 1.0
4 4 9 19: 1.0
4 4 9 20: 1.0
4 4 9 21: 1.0
4 4 9 22: 1.0
4 4 9 23: 1.0
4 4 9 24: 1.0
4 4 9 25: 1.0
4 4 9 26: 1.0
4 4 9 27: 1.0
4 4 9 28: 1.0
4 4 9 29: 1.0
4 4 9 30: 1.0
4 4 9 31: 1.0
4 4 9 32: 1.0
4 4 9 33: 1.0
4 4 9 34: 1.0
4 4 9 35: 1.0
4 4 9 36: 1.0
4 4 9 37: 1.0
4 4 9 38: 1.0
4 4 9 39: 1.0
4 4 9 40: 1.0
4 4 9 41: 1.0
4 4 9 42: 1.0
4 4 9 43: 1.0
4 4 9 44: 1.0
4 4 9 45: 1.0
4 4 9 46: 1.0
4 4 9 47: 1.0
4 4 9 48: 1.0
4 4 9 49: 1.0
4 4 9 50: 1.0
4 4 9 51: 1.0
4 4 9 52: 1.0
4 4 9 53: 1.0
4 4 9 54: 1.0
4 4 9 55: 1.0
4 4 9 56: 1.0
4 4 9 57: 1.0
4 4 9 58: 1.0
4 4 9 59: 1.0
4 4 9 60: 1.0
4 4 9 61: 1.0
4 4 9 62: 1.0
4 4 9 63: 1.0
4 4 9 64: 1.0
4 4 9 65: 1.0
