2 2 7 1: 1.0
2 2 7 2: 1.0
2 2 7 3: 1.0
2 2 7 4: 1.0
2 2 7 5: 1.0
2 2 7 6: 1.0
2 2 7 7: 1.0
2 2 7 8: 0.94
2 2 7 9: 0.92
2 2 7 10: 0.84
2 2 7 11: 0.76
2 2 7 12: 0.56
2 2 7 13: 0.4
2 2 7 14: 0.14
2 2 7 15: 0.0
2 2 7 16: 0.0
2 2 7 17: 0.0
2 2 7 18: 0.0
2 2 7 19: 0.0
2 2 7 20: 0.0
2 2 7 21: 0.0
2 2 7 22: 0.0
2 2 7 23: 0.0
2 2 7 24: 0.0
2 2 7 25: 0.0
2 2 7 26: 0.0
2 2 7 27: 0.0
2 2 7 28: 0.0
2 2 7 29: 0.0
2 2 7 30: 0.0
2 2 7 31: 0.0
2 3 7 1: 1.0
2 3 7 2: 1.0
2 3 7 3: 1.0
2 3 7 4: 1.0
2 3 7 5: 1.0
2 3 7 6: 1.0
2 3 7 7: 1.0
2 3 7 8: 1.0
2 3 7 9: 1.0
2 3 7 10: 1.0
2 3 7 11: 1.0
2 3 7 12: 1.0
2 3 7 13: 0.94
2 3 7 14: 0.92
2 3 7 15: 0.88
2 3 7 16: 0.9
2 3 7 17: 0.78
2 3 7 18: 0.56
2 3 7 19: 0.48
2 3 7 20: 0.34
2 3 7 21: 0.2
2 3 7 22: 0.04
2 3 7 23: 0.04
2 3 7 24: 0.02
2 3 7 25: 0.02
2 3 7 26: 0.0
2 3 7 27: 0.0
2 3 7 28: 0.0
2 3 7 29: 0.0
2 3 7 30: 0.0
2 3 7 31: 0.0
2 4 7 1: 1.0
2 4 7 2: 1.0
2 4 7 3: 1.0
2 4 7 4: 1.0
2 4 7 5: 1.0
2 4 7 6: 1.0
2 4 7 7: 1.0
2 4 7 8: 1.0
2 4 7 9: 1.0
2 4 7 10: 1.0
2 4 7 11: 1.0
2 4 7 12: 1.0
2 4 7 13: 0.96
2 4 7 14: 0.92
2 4 7 15: 0.86
2 4 7 16: 0.84
2 4 7 17: 0.82
2 4 7 18: 0.72
2 4 7 19: 0.54
2 4 7 20: 0.44
2 4 7 21: 0.22
2 4 7 22: 0.08
2 4 7 23: 0.04
2 4 7 24: 0.0
2 4 7 25: 0.0
2 4 7 26: 0.0
2 4 7 27: 0.0
2 4 7 28: 0.0
2 4 7 29: 0.0
2 4 7 30: 0.0
2 4 7 31: 0.0
3 3 7 1: 1.0
3 3 7 2: 1.0
3 3 7 3: 1.0
3 3 7 4: 1.0
3 3 7 5: 1.0
3 3 7 6: 1.0
3 3 7 7: 1.0
3 3 7 8: 1.0
3 3 7 9: 1.0
3 3 7 10: 1.0
3 3 7 11: 1.0
3 3 7 12: 1.0
3 3 7 13: 1.0
3 3 7 14: 1.0
3 3 7 15: 1.0
3 3 7 16: 1.0
3 3 7 17: 1.0
3 3 7 18: 1.0
3 3 7 19: 1.0
3 3 7 20: 1.0
3 3 7 21: 1.0
3 3 7 22: 1.0
3 3 7 23: 1.0
3 3 7 24: 1.0
3 3 7 25: 1.0
3 3 7 26: 1.0
3 3 7 27: 1.0
3 3 7 28: 1.0
3 3 7 29: 1.0
3 3 7 30: 1.0
3 3 7 31: 1.0
2 2 8 1: 1.0
2 2 8 2: 1.0
2 2 8 3: 1.0
2 2 8 4: 1.0
2 2 8 5: 1.0
2 2 8 6: 1.0
2 2 8 7: 1.0
2 2 8 8: 1.0
2 2 8 9: 1.0
2 2 8 10: 0.94
2 2 8 11: 0.84
2 2 8 12: 0.66
2 2 8 13: 0.76
2 2 8 14: 0.6
2 2 8 15: 0.42
2 2 8 16: 0.34
2 2 8 17: 0.18
2 2 8 18: 0.06
2 2 8 19: 0.04
2 2 8 20: 0.02
2 2 8 21: 0.0
2 2 8 22: 0.0
2 2 8 23: 0.0
2 2 8 24: 0.0
2 2 8 25: 0.0
2 2 8 26: 0.0
2 2 8 27: 0.0
2 2 8 28: 0.0
2 2 8 29: 0.0
2 2 8 30: 0.0
2 2 8 31: 0.0
2 2 8 32: 0.0
2 2 8 33: 0.0
2 2 8 34: 0.0
2 2 8 35: 0.0
2 2 8 36: 0.0
2 2 8 37: 0.0
2 2 8 38: 0.0
2 2 8 39: 0.0
2 2 8 40: 0.0
2 2 8 41: 0.0
2 2 8 42: 0.0
2 2 8 43: 0.0
2 2 8 44: 0.0
2 2 8 45: 0.0
2 3 8 1: 1.0
2 3 8 2: 1.0
2 3 8 3: 1.0
2 3 8 4: 1.0
2 3 8 5: 1.0
2 3 8 6: 1.0
2 3 8 7: 1.0
2 3 8 8: 1.0
2 3 8 9: 1.0
2 3 8 10: 1.0
2 3 8 11: 1.0
2 3 8 12: 1.0
2 3 8 13: 1.0
2 3 8 14: 1.0
2 3 8 15: 0.98
2 3 8 16: 0.92
2 3 8 17: 1.0
2 3 8 18: 0.84
2 3 8 19: 0.92
2 3 8 20: 0.82
2 3 8 21: 0.74
2 3 8 22: 0.78
2 3 8 23: 0.64
2 3 8 24: 0.62
2 3 8 25: 0.36
2 3 8 26: 0.32
2 3 8 27: 0.18
2 3 8 28: 0.1
2 3 8 29: 0.06
2 3 8 30: 0.0
2 3 8 31: 0.02
2 3 8 32: 0.0
2 3 8 33: 0.0
2 3 8 34: 0.0
2 3 8 35: 0.0
2 3 8 36: 0.0
2 3 8 37: 0.0
2 3 8 38: 0.0
2 3 8 39: 0.0
2 3 8 40: 0.0
2 3 8 41: 0.0
2 3 8 42: 0.0
2 3 8 43: 0.0
2 3 8 44: 0.0
2 3 8 45: 0.0
2 4 8 1: 1.0
2 4 8 2: 1.0
2 4 8 3: 1.0
2 4 8 4: 1.0
2 4 8 5: 1.0
2 4 8 6: 1.0
2 4 8 7: 1.0
2 4 8 8: 1.0
2 4 8 9: 1.0
2 4 8 10: 1.0
2 4 8 11: 1.0
2 4 8 12: 1.0
2 4 8 13: 1.0
2 4 8 14: 1.0
2 4 8 15: 0.98
2 4 8 16: 1.0
2 4 8 17: 1.0
2 4 8 18: 0.9
2 4 8 19: 0.88
2 4 8 20: 0.86
2 4 8 21: 0.8
2 4 8 22: 0.76
2 4 8 23: 0.7
2 4 8 24: 0.54
2 4 8 25: 0.54
2 4 8 26: 0.26
2 4 8 27: 0.32
2 4 8 28: 0.18
2 4 8 29: 0.1
2 4 8 30: 0.02
2 4 8 31: 0.0
2 4 8 32: 0.0
2 4 8 33: 0.0
2 4 8 34: 0.0
2 4 8 35: 0.0
2 4 8 36: 0.0
2 4 8 37: 0.0
2 4 8 38: 0.0
2 4 8 39: 0.0
2 4 8 40: 0.0
2 4 8 41: 0.0
2 4 8 42: 0.0
2 4 8 43: 0.0
2 4 8 44: 0.0
2 4 8 45: 0.0
2 5 8 1: 1.0
2 5 8 2: 1.0
2 5 8 3: 1.0
2 5 8 4: 1.0
2 5 8 5: 1.0
2 5 8 6: 1.0
2 5 8 7: 1.0
2 5 8 8: 1.0
2 5 8 9: 1.0
2 5 8 10: 1.0
2 5 8 11: 1.0
2 5 8 12: 1.0
2 5 8 13: 1.0
2 5 8 14: 1.0
2 5 8 15: 0.98
2 5 8 16: 0.98
2 5 8 17: 0.96
2 5 8 18: 0.98
2 5 8 19: 0.9
2 5 8 20: 0.94
2 5 8 21: 0.72
2 5 8 22: 0.62
2 5 8 23: 0.6
2 5 8 24: 0.56
2 5 8 25: 0.48
2 5 8 26: 0.3
2 5 8 27: 0.24
2 5 8 28: 0.2
2 5 8 29: 0.04
2 5 8 30: 0.04
2 5 8 31: 0.0
2 5 8 32: 0.0
2 5 8 33: 0.0
2 5 8 34: 0.0
2 5 8 35: 0.0
2 5 8 36: 0.0
2 5 8 37: 0.0
2 5 8 38: 0.0
2 5 8 39: 0.0
2 5 8 40: 0.0
2 5 8 41: 0.0
2 5 8 42: 0.0
2 5 8 43: 0.0
2 5 8 44: 0.0
2 5 8 45: 0.0
3 3 8 1: 1.0
3 3 8 2: 1.0
3 3 8 3: 1.0
3 3 8 4: 1.0
3 3 8 5: 1.0
3 3 8 6: 1.0
3 3 8 7: 1.0
3 3 8 8: 1.0
3 3 8 9: 1.0
3 3 8 10: 1.0
3 3 8 11: 1.0
3 3 8 12: 1.0
3 3 8 13: 1.0
3 3 8 14: 1.0
3 3 8 15: 1.0
3 3 8 16: 1.0
3 3 8 17: 1.0
3 3 8 18: 1.0
3 3 8 19: 1.0
3 3 8 20: 1.0
3 3 8 21: 1.0
3 3 8 22: 1.0
3 3 8 23: 1.0
3 3 8 24: 1.0
3 3 8 25: 1.0
3 3 8 26: 1.0
3 3 8 27: 1.0
3 3 8 28: 1.0
3 3 8 29: 1.0
3 3 8 30: 1.0
3 3 8 31: 1.0
3 3 8 32: 1.0
3 3 8 33: 1.0
3 3 8 34: 1.0
3 3 8 35: 1.0
3 3 8 36: 1.0
3 3 8 37: 1.0
3 3 8 38: 1.0
3 3 8 39: 1.0
3 3 8 40: 1.0
3 3 8 41: 1.0
3 3 8 42: 1.0
3 3 8 43: 1.0
3 3 8 44: 1.0
3 3 8 45: 1.0
3 4 8 1: 1.0
3 4 8 2: 1.0
3 4 8 3: 1.0
3 4 8 4: 1.0
3 4 8 5: 1.0
3 4 8 6: 1.0
3 4 8 7: 1.0
3 4 8 8: 1.0
3 4 8 9: 1.0
3 4 8 10: 1.0
3 4 8 11: 1.0
3 4 8 12: 1.0
3 4 8 13: 1.0
3 4 8 14: 1.0
3 4 8 15: 1.0
3 4 8 16: 1.0
3 4 8 17: 1.0
3 4 8 18: 1.0
3 4 8 19: 1.0
3 4 8 20: 1.0
3 4 8 21: 1.0
3 4 8 22: 1.0
3 4 8 23: 1.0
3 4 8 24: 1.0
3 4 8 25: 1.0
3 4 8 26: 1.0
3 4 8 27: 1.0
3 4 8 28: 1.0
3 4 8 29: 1.0
3 4 8 30: 1.0
3 4 8 31: 1.0
3 4 8 32: 1.0
3 4 8 33: 1.0
3 4 8 34: 1.0
3 4 8 35: 1.0
3 4 8 36: 1.0
3 4 8 37: 1.0
3 4 8 38: 1.0
3 4 8 39: 1.0
3 4 8 40: 1.0
3 4 8 41: 1.0
3 4 8 42: 1.0
3 4 8 43: 1.0
3 4 8 44: 1.0
3 4 8 45: 1.0
2 2 9 1: 1.0
2 2 9 2: 1.0
2 2 9 3: 1.0
2 2 9 4: 1.0
2 2 9 5: 1.0
2 2 9 6: 1.0
2 2 9 7: 1.0
2 2 9 8: 1.0
2 2 9 9: 0.98
2 2 9 10: 0.98
2 2 9 11: 0.96
2 2 9 12: 0.9
2 2 9 13: 0.9
2 2 9 14: 0.82
2 2 9 15: 0.72
2 2 9 16: 0.7
2 2 9 17: 0.58
2 2 9 18: 0.42
2 2 9 19: 0.32
2 2 9 20: 0.16
2 2 9 21: 0.14
2 2 9 22: 0.16
2 2 9 23: 0.0
2 2 9 24: 0.02
2 2 9 25: 0.0
2 2 9 26: 0.0
2 2 9 27: 0.0
2 2 9 28: 0.0
2 2 9 29: 0.0
2 2 9 30: 0.0
2 2 9 31: 0.0
2 2 9 32: 0.0
2 2 9 33: 0.0
2 2 9 34: 0.0
2 2 9 35: 0.0
2 2 9 36: 0.0
2 2 9 37: 0.0
2 2 9 38: 0.0
2 2 9 39: 0.0
2 2 9 40: 0.0
2 2 9 41: 0.0
2 2 9 42: 0.0
2 2 9 43: 0.0
2 2 9 44: 0.0
2 2 9 45: 0.0
439 NO DATA
440 NO DATA
441 NO DATA
442 NO DATA
443 NO DATA
444 NO DATA
445 NO DATA
446 NO DATA
447 NO DATA
448 NO DATA
449 NO DATA
450 NO DATA
451 NO DATA
452 NO DATA
453 NO DATA
454 NO DATA
455 NO DATA
456 NO DATA
457 NO DATA
458 NO DATA
2 3 9 1: 1.0
2 3 9 2: 1.0
2 3 9 3: 1.0
2 3 9 4: 1.0
2 3 9 5: 1.0
2 3 9 6: 1.0
2 3 9 7: 1.0
2 3 9 8: 1.0
2 3 9 9: 1.0
2 3 9 10: 1.0
2 3 9 11: 1.0
2 3 9 12: 1.0
2 3 9 13: 1.0
2 3 9 14: 1.0
2 3 9 15: 1.0
2 3 9 16: 1.0
2 3 9 17: 1.0
2 3 9 18: 0.96
2 3 9 19: 0.98
2 3 9 20: 1.0
2 3 9 21: 0.96
2 3 9 22: 0.98
2 3 9 23: 0.98
2 3 9 24: 0.96
2 3 9 25: 0.8
2 3 9 26: 0.9
2 3 9 27: 0.76
2 3 9 28: 0.84
2 3 9 29: 0.64
2 3 9 30: 0.7
2 3 9 31: 0.56
2 3 9 32: 0.38
2 3 9 33: 0.42
2 3 9 34: 0.22
2 3 9 35: 0.22
2 3 9 36: 0.14
2 3 9 37: 0.14
2 3 9 38: 0.06
2 3 9 39: 0.0
2 3 9 40: 0.0
2 3 9 41: 0.0
2 3 9 42: 0.0
2 3 9 43: 0.0
2 3 9 44: 0.0
2 3 9 45: 0.0
504 NO DATA
505 NO DATA
506 NO DATA
507 NO DATA
508 NO DATA
509 NO DATA
510 NO DATA
511 NO DATA
512 NO DATA
513 NO DATA
514 NO DATA
515 NO DATA
516 NO DATA
517 NO DATA
518 NO DATA
519 NO DATA
520 NO DATA
521 NO DATA
522 NO DATA
523 NO DATA
2 4 9 1: 1.0
2 4 9 2: 1.0
2 4 9 3: 1.0
2 4 9 4: 1.0
2 4 9 5: 1.0
2 4 9 6: 1.0
2 4 9 7: 1.0
2 4 9 8: 1.0
2 4 9 9: 1.0
2 4 9 10: 1.0
2 4 9 11: 1.0
2 4 9 12: 1.0
2 4 9 13: 1.0
2 4 9 14: 1.0
2 4 9 15: 1.0
2 4 9 16: 1.0
2 4 9 17: 1.0
2 4 9 18: 1.0
2 4 9 19: 1.0
2 4 9 20: 0.98
2 4 9 21: 0.98
2 4 9 22: 0.96
2 4 9 23: 1.0
2 4 9 24: 0.9
2 4 9 25: 0.92
2 4 9 26: 0.84
2 4 9 27: 0.82
2 4 9 28: 0.76
2 4 9 29: 0.66
2 4 9 30: 0.68
2 4 9 31: 0.62
2 4 9 32: 0.46
2 4 9 33: 0.5
2 4 9 34: 0.28
2 4 9 35: 0.2
2 4 9 36: 0.06
2 4 9 37: 0.06
2 4 9 38: 0.06
2 4 9 39: 0.0
2 4 9 40: 0.0
2 4 9 41: 0.0
2 4 9 42: 0.0
2 4 9 43: 0.0
2 4 9 44: 0.0
2 4 9 45: 0.0
569 NO DATA
570 NO DATA
571 NO DATA
572 NO DATA
573 NO DATA
574 NO DATA
575 NO DATA
576 NO DATA
577 NO DATA
578 NO DATA
579 NO DATA
580 NO DATA
581 NO DATA
582 NO DATA
583 NO DATA
584 NO DATA
585 NO DATA
586 NO DATA
587 NO DATA
588 NO DATA
2 5 9 1: 1.0
2 5 9 2: 1.0
2 5 9 3: 1.0
2 5 9 4: 1.0
2 5 9 5: 1.0
2 5 9 6: 1.0
2 5 9 7: 1.0
2 5 9 8: 1.0
2 5 9 9: 1.0
2 5 9 10: 1.0
2 5 9 11: 1.0
2 5 9 12: 1.0
2 5 9 13: 1.0
2 5 9 14: 1.0
2 5 9 15: 1.0
2 5 9 16: 1.0
2 5 9 17: 1.0
2 5 9 18: 1.0
2 5 9 19: 0.98
2 5 9 20: 0.96
2 5 9 21: 0.98
2 5 9 22: 0.96
2 5 9 23: 0.96
2 5 9 24: 0.9
2 5 9 25: 0.9
2 5 9 26: 0.88
2 5 9 27: 0.86
2 5 9 28: 0.72
2 5 9 29: 0.68
2 5 9 30: 0.62
2 5 9 31: 0.62
2 5 9 32: 0.46
2 5 9 33: 0.38
2 5 9 34: 0.3
2 5 9 35: 0.22
2 5 9 36: 0.2
2 5 9 37: 0.04
2 5 9 38: 0.02
2 5 9 39: 0.0
2 5 9 40: 0.0
2 5 9 41: 0.0
2 5 9 42: 0.0
2 5 9 43: 0.0
2 5 9 44: 0.0
2 5 9 45: 0.0
634 NO DATA
635 NO DATA
636 NO DATA
637 NO DATA
638 NO DATA
639 NO DATA
640 NO DATA
641 NO DATA
642 NO DATA
643 NO DATA
644 NO DATA
645 NO DATA
646 NO DATA
647 NO DATA
648 NO DATA
649 NO DATA
650 NO DATA
651 NO DATA
652 NO DATA
653 NO DATA
2 6 9 1: 1.0
2 6 9 2: 1.0
2 6 9 3: 1.0
2 6 9 4: 1.0
2 6 9 5: 1.0
2 6 9 6: 1.0
2 6 9 7: 1.0
2 6 9 8: 1.0
2 6 9 9: 1.0
2 6 9 10: 1.0
2 6 9 11: 1.0
2 6 9 12: 1.0
2 6 9 13: 1.0
2 6 9 14: 1.0
2 6 9 15: 1.0
2 6 9 16: 1.0
2 6 9 17: 0.98
2 6 9 18: 1.0
2 6 9 19: 0.98
2 6 9 20: 1.0
2 6 9 21: 0.96
2 6 9 22: 1.0
2 6 9 23: 0.94
2 6 9 24: 0.88
2 6 9 25: 0.9
2 6 9 26: 0.88
2 6 9 27: 0.92
2 6 9 28: 0.76
2 6 9 29: 0.64
2 6 9 30: 0.64
2 6 9 31: 0.64
2 6 9 32: 0.5
2 6 9 33: 0.42
2 6 9 34: 0.32
2 6 9 35: 0.28
2 6 9 36: 0.16
2 6 9 37: 0.04
2 6 9 38: 0.0
2 6 9 39: 0.0
2 6 9 40: 0.0
2 6 9 41: 0.0
2 6 9 42: 0.0
2 6 9 43: 0.0
2 6 9 44: 0.0
2 6 9 45: 0.0
699 NO DATA
700 NO DATA
701 NO DATA
702 NO DATA
703 NO DATA
704 NO DATA
705 NO DATA
706 NO DATA
707 NO DATA
708 NO DATA
709 NO DATA
710 NO DATA
711 NO DATA
712 NO DATA
713 NO DATA
714 NO DATA
715 NO DATA
716 NO DATA
717 NO DATA
718 NO DATA
3 3 9 1: 1.0
3 3 9 2: 1.0
3 3 9 3: 1.0
3 3 9 4: 1.0
3 3 9 5: 1.0
3 3 9 6: 1.0
3 3 9 7: 1.0
3 3 9 8: 1.0
3 3 9 9: 1.0
3 3 9 10: 1.0
3 3 9 11: 1.0
3 3 9 12: 1.0
3 3 9 13: 1.0
3 3 9 14: 1.0
3 3 9 15: 1.0
3 3 9 16: 1.0
3 3 9 17: 1.0
3 3 9 18: 1.0
3 3 9 19: 1.0
3 3 9 20: 1.0
3 3 9 21: 1.0
3 3 9 22: 1.0
3 3 9 23: 1.0
3 3 9 24: 1.0
3 3 9 25: 1.0
3 3 9 26: 1.0
3 3 9 27: 1.0
3 3 9 28: 1.0
3 3 9 29: 1.0
3 3 9 30: 1.0
3 3 9 31: 1.0
3 3 9 32: 1.0
3 3 9 33: 1.0
3 3 9 34: 1.0
3 3 9 35: 1.0
3 3 9 36: 1.0
3 3 9 37: 1.0
3 3 9 38: 1.0
3 3 9 39: 1.0
3 3 9 40: 1.0
3 3 9 41: 1.0
3 3 9 42: 1.0
3 3 9 43: 1.0
3 3 9 44: 1.0
3 3 9 45: 1.0
3 3 9 46: 1.0
3 3 9 47: 1.0
3 3 9 48: 1.0
3 3 9 49: 1.0
3 3 9 50: 1.0
3 3 9 51: 1.0
3 3 9 52: 1.0
3 3 9 53: 1.0
3 3 9 54: 1.0
3 3 9 55: 1.0
3 3 9 56: 1.0
3 3 9 57: 1.0
3 3 9 58: 1.0
3 3 9 59: 1.0
3 3 9 60: 1.0
3 3 9 61: 1.0
3 3 9 62: 1.0
3 3 9 63: 1.0
3 3 9 64: 1.0
3 3 9 65: 1.0
3 4 9 1: 1.0
3 4 9 2: 1.0
3 4 9 3: 1.0
3 4 9 4: 1.0
3 4 9 5: 1.0
3 4 9 6: 1.0
3 4 9 7: 1.0
3 4 9 8: 1.0
3 4 9 9: 1.0
3 4 9 10: 1.0
3 4 9 11: 1.0
3 4 9 12: 1.0
3 4 9 13: 1.0
3 4 9 14: 1.0
3 4 9 15: 1.0
3 4 9 16: 1.0
3 4 9 17: 1.0
3 4 9 18: 1.0
3 4 9 19: 1.0
3 4 9 20: 1.0
3 4 9 21: 1.0
3 4 9 22: 1.0
3 4 9 23: 1.0
3 4 9 24: 1.0
3 4 9 25: 1.0
3 4 9 26: 1.0
3 4 9 27: 1.0
3 4 9 28: 1.0
3 4 9 29: 1.0
3 4 9 30: 1.0
3 4 9 31: 1.0
3 4 9 32: 1.0
3 4 9 33: 1.0
3 4 9 34: 1.0
3 4 9 35: 1.0
3 4 9 36: 1.0
3 4 9 37: 1.0
3 4 9 38: 1.0
3 4 9 39: 1.0
3 4 9 40: 1.0
3 4 9 41: 1.0
3 4 9 42: 1.0
3 4 9 43: 1.0
3 4 9 44: 1.0
3 4 9 45: 1.0
3 4 9 46: 1.0
3 4 9 47: 1.0
3 4 9 48: 1.0
3 4 9 49: 1.0
3 4 9 50: 1.0
3 4 9 51: 1.0
3 4 9 52: 1.0
3 4 9 53: 1.0
3 4 9 54: 1.0
3 4 9 55: 1.0
3 4 9 56: 1.0
3 4 9 57: 1.0
3 4 9 58: 1.0
3 4 9 59: 1.0
3 4 9 60: 1.0
3 4 9 61: 1.0
3 4 9 62: 1.0
3 4 9 63: 1.0
3 4 9 64: 1.0
3 4 9 65: 1.0
3 5 9 1: 1.0
3 5 9 2: 1.0
3 5 9 3: 1.0
3 5 9 4: 1.0
3 5 9 5: 1.0
3 5 9 6: 1.0
3 5 9 7: 1.0
3 5 9 8: 1.0
3 5 9 9: 1.0
3 5 9 10: 1.0
3 5 9 11: 1.0
3 5 9 12: 1.0
3 5 9 13: 1.0
3 5 9 14: 1.0
3 5 9 15: 1.0
3 5 9 16: 1.0
3 5 9 17: 1.0
3 5 9 18: 1.0
3 5 9 19: 1.0
3 5 9 20: 1.0
3 5 9 21: 1.0
3 5 9 22: 1.0
3 5 9 23: 1.0
3 5 9 24: 1.0
3 5 9 25: 1.0
3 5 9 26: 1.0
3 5 9 27: 1.0
3 5 9 28: 1.0
3 5 9 29: 1.0
3 5 9 30: 1.0
3 5 9 31: 1.0
3 5 9 32: 1.0
3 5 9 33: 1.0
3 5 9 34: 1.0
3 5 9 35: 1.0
3 5 9 36: 1.0
3 5 9 37: 1.0
3 5 9 38: 1.0
3 5 9 39: 1.0
3 5 9 40: 1.0
3 5 9 41: 1.0
3 5 9 42: 1.0
3 5 9 43: 1.0
3 5 9 44: 1.0
3 5 9 45: 1.0
3 5 9 46: 1.0
3 5 9 47: 1.0
3 5 9 48: 1.0
3 5 9 49: 1.0
3 5 9 50: 1.0
3 5 9 51: 1.0
3 5 9 52: 1.0
3 5 9 53: 1.0
3 5 9 54: 1.0
3 5 9 55: 1.0
3 5 9 56: 1.0
3 5 9 57: 1.0
3 5 9 58: 1.0
3 5 9 59: 1.0
3 5 9 60: 1.0
3 5 9 61: 1.0
3 5 9 62: 1.0
3 5 9 63: 1.0
3 5 9 64: 1.0
3 5 9 65: 1.0
4 4 9 1: 1.0
4 4 9 2: 1.0
4 4 9 3: 1.0
4 4 9 4: 1.0
4 4 9 5: 1.0
4 4 9 6: 1.0
4 4 9 7: 1.0
4 4 9 8: 1.0
4 4 9 9: 1.0
4 4 9 10: 1.0
4 4 9 11: 1.0
4 4 9 12: 1.0
4 4 9 13: 1.0
4 4 9 14: 1.0
4 4 9 15: 1.0
4 4 9 16: 1.0
4 4 9 17: 1.0
4 4 9 18: 1.0
4 4 9 19: 1.0
4 4 9 20: 1.0
4 4 9 21: 1.0
4 4 9 22: 1.0
4 4 9 23: 1.0
4 4 9 24: 1.0
4 4 9 25: 1.0
4 4 9 26: 1.0
4 4 9 27: 1.0
4 4 9 28: 1.0
4 4 9 29: 1.0
4 4 9 30: 1.0
4 4 9 31: 1.0
4 4 9 32: 1.0
4 4 9 33: 1.0
4 4 9 34: 1.0
4 4 9 35: 1.0
4 4 9 36: 1.0
4 4 9 37: 1.0
4 4 9 38: 1.0
4 4 9 39: 1.0
4 4 9 40: 1.0
4 4 9 41: 1.0
4 4 9 42: 1.0
4 4 9 43: 1.0
4 4 9 44: 1.0
4 4 9 45: 1.0
4 4 9 46: 1.0
4 4 9 47: 1.0
4 4 9 48: 1.0
4 4 9 49: 1.0
4 4 9 50: 1.0
4 4 9 51: 1.0
4 4 9 52: 1.0
4 4 9 53: 1.0
4 4 9 54: 1.0
4 4 9 55: 1.0
4 4 9 56: 1.0
4 4 9 57: 1.0
4 4 9 58: 1.0
4 4 9 59: 1.0
4 4 9 60: 1.0
4 4 9 61: 1.0
4 4 9 62: 1.0
4 4 9 63: 1.0
4 4 9 64: 1.0
4 4 9 65: 1.0